       1  0.36592E-002
       3  0.36592E-002
       4  0.36591E-002
       5  0.36586E-002
       6  0.36576E-002
       7  0.36559E-002
       8  0.36533E-002
       9  0.36496E-002
      10  0.36448E-002
      11  0.36385E-002
      12  0.36306E-002
      13  0.36210E-002
      14  0.36095E-002
      15  0.35958E-002
      16  0.35798E-002
      17  0.35614E-002
      18  0.35404E-002
      19  0.35165E-002
      20  0.34897E-002
      21  0.34597E-002
      22  0.34263E-002
      23  0.33894E-002
      24  0.33489E-002
      25  0.33044E-002
      26  0.32559E-002
      27  0.32032E-002
      28  0.31461E-002
      29  0.30845E-002
      30  0.30181E-002
      31  0.29467E-002
      32  0.28703E-002
      33  0.27885E-002
      34  0.27014E-002
      35  0.26086E-002
      36  0.25100E-002
      37  0.24054E-002
      38  0.22948E-002
      39  0.21776E-002
      40  0.20542E-002
      41  0.19237E-002
     108  0.18273E-002
     109  0.18273E-002
     112  0.18271E-002
     115  0.18268E-002
     118  0.18262E-002
     121  0.18253E-002
     124  0.18239E-002
     127  0.18220E-002
     130  0.18194E-002
     133  0.18162E-002
     136  0.18122E-002
     139  0.18073E-002
     142  0.18014E-002
     145  0.17945E-002
      42  0.17869E-002
     148  0.17864E-002
     151  0.17771E-002
     154  0.17665E-002
     157  0.17545E-002
     160  0.17410E-002
     163  0.17259E-002
     166  0.17091E-002
     169  0.16906E-002
     172  0.16702E-002
     175  0.16479E-002
      43  0.16424E-002
     178  0.16235E-002
     181  0.15971E-002
     184  0.15684E-002
     187  0.15375E-002
     190  0.15042E-002
      44  0.14915E-002
     193  0.14685E-002
     196  0.14301E-002   
     199  0.13892E-002
     202  0.13455E-002
      45  0.13323E-002
     205  0.12990E-002
     208  0.12496E-002
     211  0.11973E-002
      46  0.11666E-002
     214  0.11418E-002
     217  0.10832E-002
     220  0.10213E-002
      47  0.99171E-003
     223  0.95615E-003
     226  0.88740E-003
     229  0.81538E-003
      48  0.81117E-003
     232  0.73943E-003
     235  0.66020E-003
      49  0.61906E-003
     238  0.57668E-003
     241  0.48998E-003
      50  0.42014E-003
     244  0.39808E-003
     247  0.30445E-003
      51  0.22551E-003
     250  0.20564E-003
     253  0.91061E-004
     251  0.22996E-007
      52   0.0000     
      53   0.0000     
      54   0.0000     
      55   0.0000     
       2   0.0000     
     254 -0.50186E-007
     248 -0.24297E-006
     245 -0.26092E-006
     242 -0.41709E-006
     239 -0.47356E-006
     236 -0.58034E-006
     233 -0.66230E-006
     230 -0.75427E-006
     227 -0.84461E-006
     224 -0.93333E-006
     221 -0.10247E-005
     218 -0.11136E-005
     215 -0.12044E-005
     212 -0.12939E-005
     209 -0.13842E-005
     206 -0.14740E-005
     203 -0.15641E-005
     200 -0.16541E-005
     197 -0.17441E-005
     194 -0.18341E-005
     191 -0.19241E-005
     188 -0.20141E-005
     185 -0.21041E-005
     182 -0.21941E-005
     179 -0.22841E-005
     176 -0.23741E-005
     173 -0.24641E-005
     170 -0.25541E-005
     167 -0.26441E-005
     164 -0.27341E-005
     161 -0.28241E-005
     158 -0.29141E-005
     155 -0.30041E-005
     152 -0.30941E-005
     149 -0.31841E-005
     146 -0.32741E-005
     143 -0.33641E-005
     140 -0.34541E-005
     137 -0.35441E-005
     134 -0.36341E-005
     131 -0.37241E-005
     128 -0.38141E-005   
     125 -0.39041E-005
     122 -0.39941E-005
     119 -0.40841E-005
     116 -0.41741E-005
     113 -0.42641E-005
     110 -0.43541E-005
     107 -0.44441E-005
     255 -0.90894E-004
     252 -0.20601E-003
      57 -0.22605E-003
     249 -0.30476E-003
     246 -0.39876E-003
      58 -0.42041E-003
     243 -0.49073E-003
     240 -0.57767E-003
      59 -0.61963E-003
     237 -0.66134E-003
     234 -0.74076E-003
      60 -0.81171E-003
     231 -0.81688E-003
     228 -0.88908E-003
     225 -0.95802E-003
      61 -0.99254E-003
     222 -0.10233E-002
     219 -0.10854E-002
     216 -0.11442E-002
      62 -0.11675E-002
     213 -0.11999E-002
     210 -0.12524E-002
     207 -0.13020E-002
      63 -0.13334E-002
     204 -0.13486E-002
     201 -0.13925E-002
     198 -0.14336E-002
     195 -0.14721E-002
      64 -0.14928E-002
     192 -0.15081E-002
     189 -0.15416E-002
     186 -0.15727E-002
     183 -0.16015E-002
     180 -0.16281E-002
      65 -0.16440E-002
     177 -0.16526E-002
     174 -0.16751E-002
     171 -0.16957E-002
     168 -0.17144E-002
     165 -0.17313E-002
     162 -0.17466E-002
     159 -0.17603E-002
     156 -0.17725E-002
     153 -0.17833E-002
      66 -0.17886E-002
     150 -0.17928E-002
     147 -0.18010E-002
     144 -0.18081E-002
     141 -0.18142E-002
     138 -0.18193E-002
     135 -0.18235E-002
     132 -0.18269E-002
     129 -0.18296E-002
     126 -0.18317E-002
     123 -0.18332E-002
     120 -0.18344E-002
     117 -0.18351E-002
     114 -0.18357E-002
     111 -0.18360E-002
     106 -0.18362E-002
      67 -0.19256E-002
      68 -0.20562E-002
      69 -0.21798E-002
      70 -0.22972E-002
      71 -0.24080E-002
      72 -0.25128E-002
      73 -0.26115E-002
      74 -0.27045E-002
      75 -0.27919E-002
      76 -0.28738E-002
      77 -0.29504E-002
      78 -0.30219E-002
      79 -0.30885E-002
      80 -0.31504E-002
      81 -0.32076E-002
      82 -0.32605E-002
      83 -0.33092E-002
      84 -0.33538E-002
      85 -0.33945E-002
      86 -0.34316E-002
      87 -0.34651E-002
      88 -0.34953E-002
      89 -0.35224E-002
      90 -0.35464E-002
      91 -0.35676E-002
      92 -0.35862E-002
      93 -0.36023E-002
      94 -0.36162E-002
      95 -0.36279E-002
      96 -0.36377E-002
      97 -0.36458E-002
      98 -0.36522E-002
      99 -0.36573E-002
     100 -0.36611E-002
     101 -0.36639E-002
     102 -0.36658E-002
     103 -0.36669E-002
     104 -0.36676E-002
     105 -0.36679E-002
      56 -0.36681E-002

